0 0.257812 0.328125 0.032000 0.089625
0 0.384766 0.388672 0.038164 0.169447
0 0.205078 0.406250 0.089625 0.307598
0 0.161133 0.416016 0.067886 0.283578
0 0.449219 0.433594 0.052122 0.277872
0 0.330078 0.435547 0.039213 0.254443
0 0.588867 0.455078 0.038164 0.234574
0 0.277344 0.482422 0.087228 0.349860
0 0.414062 0.510742 0.089625 0.232990
0 0.655273 0.659180 0.048051 0.329162
0 0.392578 0.659180 0.079334 0.403356
0 0.445312 0.745117 0.097877 0.333653
0 0.803711 0.803711 0.107616 0.222197
0 0.596680 0.811523 0.104032 0.364376
1 0.215820 0.275391 0.027945 0.044000
1 0.181641 0.289062 0.024075 0.029104
1 0.261719 0.304688 0.025416 0.044000
1 0.451172 0.306641 0.020601 0.022045
1 0.376953 0.314453 0.018736 0.020050
1 0.328125 0.320312 0.024075 0.024075
1 0.281250 0.326172 0.027945 0.038164
1 0.596680 0.345703 0.017990 0.016926
1 0.423828 0.416016 0.034012 0.041962
1 0.404297 0.490234 0.025937 0.040018
1 0.457031 0.600586 0.035907 0.041962
1 0.608398 0.651367 0.045516 0.048051
1 0.788086 0.717773 0.053918 0.051073
2 0.208984 0.349609 0.060091 0.104032
2 0.373047 0.378906 0.058090 0.092087
2 0.453125 0.384766 0.044000 0.099887
2 0.330078 0.394531 0.038164 0.097877
2 0.588867 0.404297 0.034012 0.082068
2 0.275391 0.425781 0.067886 0.122402
2 0.429688 0.530273 0.035907 0.131873
2 0.388672 0.596680 0.060091 0.146973
2 0.447266 0.737305 0.071667 0.180101
2 0.600586 0.784180 0.076174 0.164916
2 0.795898 0.842773 0.089625 0.109826
3 0.166992 0.353516 0.017990 0.020050
3 0.655273 0.367188 0.014001 0.014001
3 0.267578 0.423828 0.020050 0.034012
3 0.417969 0.639648 0.025937 0.025937
3 0.441406 0.749023 0.025937 0.022045
3 0.827148 0.819336 0.025937 0.050045
3 0.484375 0.819336 0.016033 0.030107
3 0.565430 0.885742 0.022045 0.041962
4 0.289062 0.612305 0.025937 0.041962
