0 0.101205 0.607291 0.119518 0.595910 0.9402
0 0.228781 0.622650 0.155777 0.588704 0.9354
0 0.547420 0.621177 0.128883 0.611625 0.9219
2 0.915914 0.540742 0.122817 0.263209 0.9114
0 0.737203 0.657720 0.153063 0.680494 0.9035
0 0.480892 0.621571 0.081410 0.573037 0.8889
0 0.923120 0.623190 0.138877 0.645418 0.7753
4 0.126512 0.871333 0.044565 0.059548 0.4406
4 0.067299 0.854812 0.042422 0.066819 0.3773
1 0.495517 0.384638 0.040380 0.069961 0.3710
4 0.525528 0.887089 0.050880 0.063816 0.3593
4 0.200323 0.859980 0.036779 0.077451 0.3212
4 0.567003 0.854500 0.046632 0.092091 0.3121
1 0.911162 0.342711 0.058670 0.075351 0.2797
