0 0.502930 0.474609 0.263211 0.626555
0 0.341797 0.549805 0.199368 0.742206
0 0.189453 0.600586 0.214796 0.794238
1 0.478516 0.199219 0.070703 0.077213
1 0.308594 0.214844 0.062585 0.073636
1 0.188477 0.271484 0.110573 0.136417
2 0.502930 0.400391 0.263211 0.471378
2 0.320312 0.449219 0.158346 0.359472
2 0.071289 0.561523 0.143044 0.767781
2 0.190430 0.612305 0.216256 0.562182
3 0.394531 0.439453 0.032657 0.055776
3 0.624023 0.549805 0.026291 0.034243
4 0.408203 0.874023 0.065625 0.069280
4 0.249023 0.889648 0.018992 0.035423
4 0.324219 0.893555 0.035423 0.072155
4 0.238281 0.967773 0.024569 0.050385
