0 0.325899 0.435533 0.050912 0.247999 0.8676
2 0.597059 0.785378 0.094176 0.180854 0.8435
1 0.281204 0.330327 0.036454 0.054018 0.8221
1 0.788937 0.717643 0.060257 0.069757 0.8114
0 0.598935 0.772015 0.100093 0.297417 0.7742
0 0.593110 0.449494 0.058783 0.247463 0.7665
2 0.443027 0.739371 0.098385 0.163456 0.7638
1 0.216768 0.275115 0.032404 0.053500 0.7107
1 0.449726 0.311402 0.030030 0.038462 0.7092
1 0.609646 0.653756 0.051559 0.055345 0.7052
0 0.442092 0.745323 0.100307 0.341176 0.6999
1 0.261329 0.305940 0.031473 0.051887 0.6253
1 0.454392 0.609139 0.054480 0.068838 0.6070
1 0.422663 0.418542 0.043105 0.060354 0.5779
0 0.396290 0.668142 0.092166 0.436459 0.5722
0 0.208057 0.395816 0.072968 0.298391 0.5685
2 0.450047 0.374873 0.054564 0.114546 0.5618
1 0.401802 0.488447 0.043311 0.073079 0.5240
2 0.327224 0.388576 0.051258 0.110734 0.5184
0 0.429873 0.485689 0.055466 0.238787 0.5020
2 0.592771 0.399731 0.048408 0.098366 0.4944
0 0.275659 0.468896 0.090269 0.342041 0.4804
2 0.392937 0.583977 0.087012 0.137957 0.4340
0 0.448433 0.392947 0.056228 0.203263 0.4087
0 0.804730 0.800607 0.108870 0.235816 0.4073
1 0.599608 0.342372 0.031362 0.038231 0.1676
2 0.385256 0.362623 0.039474 0.057999 0.1587
1 0.180974 0.287970 0.026969 0.036223 0.1396
2 0.280492 0.427290 0.075493 0.148474 0.1334
2 0.426475 0.498547 0.045045 0.092216 0.1071
