0 0.526367 0.526367 0.086639 0.192727
0 0.620117 0.666992 0.142078 0.389920
0 0.163086 0.666992 0.203462 0.490936
0 0.376953 0.725586 0.228302 0.543456
0 0.854492 0.741211 0.241018 0.518282
0 0.057617 0.791992 0.115161 0.417256
0 0.573242 0.791992 0.196685 0.414438
0 0.573242 0.932617 0.188849 0.130098
1 0.149414 0.457031 0.115161 0.077213
1 0.534180 0.460938 0.072155 0.057698
1 0.363281 0.518555 0.130098 0.124915
1 0.600586 0.522461 0.103329 0.101250
1 0.819336 0.534180 0.151011 0.106168
1 0.573242 0.690430 0.187574 0.211904
1 0.573242 0.932617 0.188849 0.130098
2 0.522461 0.569336 0.079334 0.106168
2 0.145508 0.651367 0.161598 0.211904
2 0.655273 0.698242 0.074641 0.219206
2 0.388672 0.713867 0.213345 0.185049
2 0.854492 0.831055 0.241018 0.340505
2 0.027344 0.834961 0.055025 0.257915
2 0.392578 0.885742 0.216256 0.229854
2 0.147461 0.952148 0.161598 0.098543
3 0.709961 0.470703 0.062585 0.019251
3 0.717773 0.760742 0.072155 0.064741
3 0.709961 0.905273 0.091465 0.074641
4 0.709961 0.768555 0.086639 0.086639
4 0.709961 0.905273 0.091465 0.074641
