2 0.182150 0.605838 0.195179 0.493469 0.9398
0 0.513183 0.495541 0.267404 0.691426 0.9300
0 0.192205 0.592668 0.212906 0.814663 0.9228
2 0.326617 0.458559 0.143437 0.318526 0.9172
0 0.341331 0.561631 0.190320 0.812702 0.8993
2 0.490372 0.460055 0.138330 0.322423 0.8965
1 0.307635 0.212369 0.072688 0.088061 0.8525
1 0.188577 0.255976 0.122544 0.130485 0.7949
1 0.477510 0.196115 0.080667 0.088710 0.7669
0 0.031287 0.507410 0.060640 0.980858 0.6583
4 0.408666 0.868742 0.076231 0.098200 0.6466
4 0.328986 0.881705 0.040871 0.097729 0.4125
2 0.032040 0.658489 0.062206 0.601568 0.3642
3 0.616144 0.536758 0.062635 0.081531 0.1417
1 0.009658 0.063335 0.019317 0.126671 0.1385
