1 0.362870 0.513184 0.134679 0.125740 0.9295
0 0.822873 0.735036 0.306112 0.529928 0.9279
1 0.818287 0.537550 0.166840 0.131067 0.8891
0 0.380780 0.723064 0.218570 0.553873 0.8858
2 0.857043 0.831056 0.233123 0.329081 0.8813
0 0.165406 0.700965 0.208063 0.598069 0.8775
1 0.145305 0.461222 0.118129 0.110483 0.8351
0 0.588124 0.733050 0.229198 0.533901 0.7941
0 0.529605 0.524024 0.100993 0.203687 0.6804
1 0.605976 0.518989 0.113745 0.107457 0.3605
1 0.536527 0.459726 0.087895 0.073916 0.3563
2 0.527570 0.565101 0.078921 0.096762 0.3499
0 0.056992 0.751515 0.112898 0.496969 0.3216
1 0.013033 0.550097 0.026065 0.053482 0.2974
2 0.140259 0.648057 0.142465 0.207461 0.2907
2 0.372931 0.709832 0.207051 0.199032 0.1649
